7
5
0 0
2.7361611466053497 -7.517540966287267
9.630561134676151 -13.302629453466123
28.341908441908103 -16.601944829137807
46.19606823684036 -10.103562105950111
6
46.19606823684036 -10.103562105950111
48.97443907951124 -25.86048615414544
52.18837712794394 -29.69070836974033
53.12806974872984 -30.032728513066
58.052108513790884 -29.164487624731354
69.54277516057556 -19.522673479433273
5
69.54277516057556 -19.522673479433273
78.04277516057554 -34.245105343768735
82.37290217949774 -36.74510534376874
89.37290217949774 -36.74510534376875
93.70302919841994 -34.245105343768756
5
93.70302919841994 -34.245105343768756
99.85939177828196 -51.15957251791511
102.15752510763889 -53.08793534697473
104.1271406136633 -53.43523170230859
105.0668332344492 -53.09321155898292
6
105.0668332344492 -53.09321155898292
105.93507412278385 -58.017250324043964
117.50525109714154 -71.80605030018557
119.38463633871335 -72.49009058683691
120.36944409172555 -72.31644240916998
121.13548853484454 -71.67365479948344
5
121.13548853484454 -71.67365479948344
122.13548853484454 -73.40570560705233
126.46561555376672 -75.90570560705234
138.46561555376672 -75.90570560705237
140.1976663613356 -74.90570560705237
7
140.1976663613356 -74.90570560705237
141.2237267913126 -77.7247834694101
143.52186012066954 -79.65314629846972
146.47628337970616 -80.17409083147052
158.692287449923 -75.72782896823685
160.62065027898262 -73.42969563887992
162.87807658865276 -60.62719484972122
