4
5
0 0
1.0260604299770062 -2.8190778623577253
8.686504861166785 -9.24695395922312
25.42823666237432 -12.19897297956094
26.36792928316023 -11.856952836235273
6
26.36792928316023 -11.856952836235273
26.71522563849409 -13.826568342259689
29.286376077240245 -16.890746114735602
40.56268752667114 -20.994987834643634
53.36518831582985 -18.73756152497355
54.131232758948826 -18.09477391528701
7
54.131232758948826 -18.09477391528701
55.631232758948826 -20.692850126640327
65.15751220057764 -26.192850126640334
68.15751220057764 -26.192850126640337
75.95174083463759 -21.692850126640344
85.4517408346376 -5.2383674547360215
85.45174083463763 14.761632545263978
5
85.45174083463763 14.761632545263978
87.42135634066204 14.414336189930115
96.81828254852113 17.83453762318679
109.0312471325654 32.38938204244735
109.20489531023233 33.37418979545956
