4
5
0 0
1.0260604299770062 -2.8190778623577253
15.580904849237585 -15.032042446401976
25.428982379359667 -16.76852422307128
43.283142174291925 -10.270141499883586
6
43.283142174291925 -10.270141499883586
43.80408670729272 -13.22456475892021
44.446874316979255 -13.990609202039188
53.843800524838336 -17.41081063529588
69.60072457303366 -14.632439792625007
74.9630356748665 -10.132926524819236
7
74.9630356748665 -10.132926524819236
78.9630356748665 -17.061129755094747
84.15918809757314 -20.06112975509475
88.15918809757314 -20.061129755094754
101.14956915433973 -12.561129755094768
107.64956915433974 -1.3027995058970738
107.64956915433977 18.697200494102926
5
107.64956915433977 18.697200494102926
125.37610870855951 15.57153329609816
126.31580132934542 15.913553439423827
136.60040308433005 28.17026452932746
137.2949957949978 32.10949554137629
