7
5
0 0
5.130302149885031 -14.095389311788626
18.919102126026633 -25.665566286146337
20.888717632051048 -26.012862641480197
38.74287742698331 -19.5144799182925
6
38.74287742698331 -19.5144799182925
41.521248269654194 -35.27140396648783
49.23469958589266 -44.46393728391557
52.9934700690363 -45.83201785721825
62.84154759915838 -44.09553608054895
64.37363648539633 -42.809960861175874
5
64.37363648539633 -42.809960861175874
68.87363648539633 -50.60418949523582
79.2659413308096 -56.60418949523583
85.2659413308096 -56.604189495235836
88.73004294594735 -54.60418949523584
5
88.73004294594735 -54.60418949523584
93.86034509583237 -68.69957880702447
107.64914507197396 -80.26975578138219
115.52760709607162 -81.65894120271764
132.44207427021797 -75.50257862285562
6
132.44207427021797 -75.50257862285562
134.17855604688725 -85.3506561529777
134.8213436565738 -86.11670059609668
143.27857724364696 -89.1948818860277
161.98992455087892 -85.89556651035605
162.7559689939979 -85.25277890066951
5
162.7559689939979 -85.25277890066951
163.7559689939979 -86.9848297082384
165.48801980156676 -87.9848297082384
169.48801980156676 -87.98482970823841
185.9425024734711 -78.48482970823844
7
185.9425024734711 -78.48482970823844
188.33664347675077 -85.0626780537398
193.6989545785836 -89.56219132154558
198.62299334364462 -90.43043220988025
207.0802269307178 -87.35225091994926
208.36580215009087 -85.8201620337113
208.71309850542474 -83.85054652768689
