7
5
0 0
3.0781812899310186 -8.457233587073176
5.376314619287952 -10.385596416132795
12.26996889037341 -11.60113365980131
20.727202477446586 -8.522952369870294
6
20.727202477446586 -8.522952369870294
20.900850655113516 -9.507760122882502
21.543638264800055 -10.27380456600148
22.483330885585964 -10.61582470932715
31.34660066269584 -9.052991110324783
44.369356195718474 1.8743982543463744
5
44.369356195718474 1.8743982543463744
49.86935619571847 -7.651881187282454
50.73538159950291 -8.151881187282454
61.73538159950291 -8.151881187282465
67.79755942599398 -4.651881187282472
5
67.79755942599398 -4.651881187282472
72.24382128922767 -16.86788525749928
86.79866570848824 -29.080849841543547
101.57078200367135 -31.68557250654752
118.4852491778177 -25.529209926685503
6
118.4852491778177 -25.529209926685503
121.61091637582243 -43.25574948090525
128.03879247268782 -50.91619391209504
128.97848509347372 -51.25821405542071
130.94810059949813 -50.91091770008685
140.90667836004485 -42.55467877416186
5
140.90667836004485 -42.55467877416186
143.40667836004485 -46.884805793084055
153.79898320545811 -52.88480579308407
166.79898320545811 -52.88480579308409
170.26308482059588 -50.8848057930841
7
170.26308482059588 -50.8848057930841
174.70934668382955 -63.10080986330092
177.77352445630547 -65.67196030204708
186.63679423341534 -67.23479390104947
187.57648685420125 -66.8927737577238
191.4332125123205 -62.29650709900994
193.5169906443237 -50.47881406286345
