7
5
0 0
2.0521208599540124 -5.638155724715451
14.308831949857659 -15.922757479700081
30.065755998052985 -18.70112832237097
42.2817600682698 -14.254866459137283
6
42.2817600682698 -14.254866459137283
44.71283455560682 -28.042175001308195
51.14071065247221 -35.702619432497976
61.477329481117195 -39.46484100908034
62.4621372341294 -39.29119283141341
65.52631500660532 -36.72004239266726
5
65.52631500660532 -36.72004239266726
66.02631500660532 -37.5860677964517
82.48079767850965 -47.086067796451715
93.48079767850965 -47.08606779645172
94.34682308229408 -46.58606779645172
5
94.34682308229408 -46.58606779645172
97.08298422889942 -54.10360876273899
103.21133977385124 -59.24590964023132
116.99864831602214 -61.67698412756836
126.39557452388124 -58.25678269431169
6
126.39557452388124 -58.25678269431169
126.74287087921509 -60.22639820033611
137.0274726341997 -72.48310929023977
154.88163242913197 -78.9814920134275
173.59297973636393 -75.68217663775584
175.1250686226019 -74.39660141838277
5
175.1250686226019 -74.39660141838277
183.62506862260187 -89.11903328271825
200.0795512945062 -98.61903328271828
219.0795512945062 -98.6190332827183
234.6680085626261 -89.61903328271833
7
234.6680085626261 -89.61903328271833
237.40416970923144 -97.1365742490056
238.93625859546938 -98.42214946837869
247.79952837257926 -99.98498306738108
264.71399554672564 -93.82862048751907
273.07023447265067 -83.87004272697239
273.7648271833184 -79.93081171492355
