4
5
0 0
4.446261863233693 -12.21600407021681
12.106706294423471 -18.643880167082205
23.92439933056997 -20.727658299085373
38.0197886423586 -15.59735614920035
6
38.0197886423586 -15.59735614920035
38.19343682002553 -16.582163902212557
43.978525307204386 -23.47656389028336
52.43575889427756 -26.554745180214383
55.390182153314186 -26.033800647213592
67.64689324321785 -15.749198892228973
7
67.64689324321785 -15.749198892228973
69.64689324321785 -19.21330050736673
74.84304566592448 -22.213300507366732
75.84304566592448 -22.213300507366732
82.77124889619999 -18.21330050736674
85.77124889619999 -13.01714808466011
85.77124889620002 6.982851915339889
5
85.77124889620002 6.982851915339889
96.60413417933431 5.0727219610036425
102.24228990404976 7.124842820957647
102.88507751373629 7.890887264076624
103.23237386907016 9.86050277010104
