4
5
0 0
6.498382723187706 -17.85415979493226
10.328604938782595 -21.06809784336496
19.191874715892467 -22.630931442367334
20.131567336678376 -22.288911299041665
7
20.131567336678376 -22.288911299041665
20.478863692012236 -24.258526805066083
32.69182827605648 -38.81337122432667
47.72691020863101 -44.28569351753738
58.5597954917653 -42.375563563201155
60.857928821122236 -40.44720073414154
66.67227125765862 -24.472426180781103
6
66.67227125765862 -24.472426180781103
68.4043220652275 -25.472426180781103
71.4043220652275 -25.472426180781106
72.27034746901194 -24.972426180781106
75.27034746901194 -19.776273758074478
75.27034746901197 0.22372624192552237
5
75.27034746901197 0.22372624192552237
85.11842499913405 -1.5127555347437929
95.45504382777905 2.2494660418385486
103.81128275370408 12.20804380238525
106.0687090633742 25.01054459154395
