7
5
0 0
5.130302149885031 -14.095389311788626
6.662391036122987 -15.380964531161705
7.647198789135195 -15.554612708828635
9.526584030707012 -14.870572422177299
6
9.526584030707012 -14.870572422177299
12.652251228711755 -32.597111976397045
19.080127325577145 -40.257556407586826
20.019819946363054 -40.599576550912495
21.004627699375263 -40.42592837324557
21.77067214249424 -39.78314076355903
5
21.77067214249424 -39.78314076355903
26.770672142494234 -48.44339480140342
43.225154814398564 -57.943394801403436
61.225154814398564 -57.94339480140345
67.28733264088964 -54.44339480140346
5
67.28733264088964 -54.44339480140346
68.99743335751799 -59.141857905333
83.55227777677857 -71.35482248937726
101.27881733099831 -74.48048968738202
105.97728043492785 -72.77038897075369
6
105.97728043492785 -72.77038897075369
107.71376221159714 -82.61846650087577
108.35654982128368 -83.38451094399474
125.27101699543002 -89.5408735238568
143.98236430266198 -86.24155814818516
144.74840874578095 -85.59877053849863
5
144.74840874578095 -85.59877053849863
145.74840874578095 -87.33082134606751
162.20289141768527 -96.83082134606754
165.20289141768527 -96.83082134606754
168.66699303282303 -94.83082134606754
5
168.66699303282303 -94.83082134606754
170.71911389277705 -100.468977070783
176.84746943772885 -105.61127794827533
188.66516247387534 -107.69505608027852
197.12239606094852 -104.61687479034752
