7
5
0 0
3.762221576582356 -10.336618828644992
8.358488235296223 -14.193344486764229
9.34329598830843 -14.366992664431159
27.19745578324069 -7.868609941243462
6
27.19745578324069 -7.868609941243462
27.37110396090762 -8.85341769425567
33.79898005777301 -16.513862125445453
41.31652102406027 -19.250023272050807
52.14940630719456 -17.33989331771458
56.74567296590843 -13.483167659595349
5
56.74567296590843 -13.483167659595349
57.24567296590843 -14.349193063379788
61.575799984830624 -16.849193063379794
75.57579998483062 -16.849193063379808
82.50400321510614 -12.849193063379815
5
82.50400321510614 -12.849193063379815
85.92420464836282 -22.246119271238904
88.22233797771975 -24.174482100298523
90.19195348374416 -24.521778455632386
99.58887969160324 -21.10157702237571
6
99.58887969160324 -21.10157702237571
99.76252786927017 -22.08638477538792
102.97646591770287 -25.916606990982814
107.67492902163241 -27.626707707611164
119.4926220577789 -25.542929575608017
121.79075538713585 -23.614566746548405
5
121.79075538713585 -23.614566746548405
123.79075538713585 -27.078668361686162
124.65678079092028 -27.578668361686162
138.65678079092027 -27.578668361686187
142.12088240605803 -25.578668361686194
7
142.12088240605803 -25.578668361686194
142.80492269270937 -27.458053603258012
145.86910046518528 -30.029204042004174
156.70198574831957 -31.93933399634043
168.9179898185364 -27.493072133106764
180.48816679289413 -13.704272156965189
183.09288945789814 1.0678441382179251
