7
5
0 0
1.0260604299770062 -2.8190778623577253
7.154415974928829 -7.961378739850041
9.124031480953246 -8.308675095183903
10.063724101739155 -7.966654951858234
6
10.063724101739155 -7.966654951858234
10.237372279406085 -8.951462704870442
10.880159889092624 -9.717507147989421
12.75954513066444 -10.40154743464076
22.60762266078652 -8.665065657971464
34.0982893075712 0.976748487326617
5
34.0982893075712 0.976748487326617
34.5982893075712 0.11072308354217808
51.05277197947552 -9.389276916457835
66.05277197947552 -9.389276916457849
73.84700061353547 -4.889276916457858
5
73.84700061353547 -4.889276916457858
79.66134305007182 -20.864051469818307
92.68409858309444 -31.79144083448949
109.42583038430197 -34.74345985482732
116.94337135058925 -32.00729870822198
6
116.94337135058925 -32.00729870822198
117.46431588359003 -34.961721967258605
119.39267871264964 -37.25985529661554
123.15144919579328 -38.62793586991822
125.12106470181769 -38.28063951458436
139.6759091210783 -26.067674930540136
5
139.6759091210783 -26.067674930540136
140.6759091210783 -27.799725738109014
151.06821396649156 -33.79972573810903
164.06821396649156 -33.79972573810905
175.32654421568927 -27.299725738109075
7
175.32654421568927 -27.299725738109075
175.66856435901494 -28.239418358894984
189.4573643351565 -39.809595333252716
199.3054418652786 -41.54607710992204
214.34052379785314 -36.07375481671137
218.84003706565892 -30.711443714878534
219.53462977632665 -26.772212702829705
