4
5
0 0
4.446261863233693 -12.21600407021681
16.70297295313734 -22.50060582520144
20.642203965186173 -23.195198535869164
21.581896585972082 -22.853178392543494
6
21.581896585972082 -22.853178392543494
22.102841118972872 -25.807601651580118
25.959566777092107 -30.403868310293987
38.17557084730891 -34.85013017352769
40.14518635333333 -34.50283381819383
40.91123079645231 -33.86004620850729
7
40.91123079645231 -33.86004620850729
44.4112307964523 -39.922224034998365
47.00930700780562 -41.422224034998365
58.00930700780562 -41.42222403499837
71.86571346835665 -33.422224034998386
81.36571346835666 -16.967741363094063
81.36571346835669 3.0322586369059366
5
81.36571346835669 3.0322586369059366
82.3505212213689 2.858610459239005
100.20468101630117 9.356993182426686
107.2753447228531 17.783482056735433
108.3172337888547 23.69232857480868
