4
5
0 0
4.788282006559362 -13.155696691002717
13.980815323987096 -20.86914800724119
28.75293161917022 -23.47387067224515
34.39108734388567 -21.42174981229114
7
34.39108734388567 -21.42174981229114
36.12756912055497 -31.269827342413222
38.69871955930113 -34.33400511488914
41.517797421658855 -35.360065544866146
47.4266439397321 -34.318176478864565
60.449399472754735 -23.390787114193408
64.2116210493371 -13.054168285548421
6
64.2116210493371 -13.054168285548421
67.67572266447485 -15.054168285548425
68.67572266447485 -15.054168285548426
69.54174806825928 -14.554168285548428
72.54174806825928 -9.3580158628418
72.54174806825931 10.6419841371582
5
72.54174806825931 10.6419841371582
86.32905661043021 8.210909649821158
93.84659757671749 10.947070796426498
105.4167745510752 24.735870772568084
106.80595997241066 32.61433279666575
